9.999999999999999547e-08 1.000000000875770345e+00
1.999999999999999909e-07 9.999999978483619101e-01
3.999999999999999819e-07 9.999999165979691629e-01
5.999999999999999728e-07 9.999998894978285868e-01
7.999999999999999638e-07 1.000000233885111944e+00
5.000000000000000409e-06 1.008273462597817804e+00
9.999999999999999547e-07 1.008998307437420250e+00
1.000000000000000082e-05 9.958895123100317548e-01
3.000000000000000076e-05 7.727449797471761528e-01
4.000000000000000327e-05 5.479078942734914026e-01
6.999999999999999387e-05 3.737556347742581470e-02
7.250000000000000043e-05 8.151475806325546303e-03
7.279999999999999416e-05 4.747356829475893672e-03
7.499999999999999343e-05 0.000000000000000000e+00
8.000000000000000654e-05 0.000000000000000000e+00
1.000000000000000048e-04 0.000000000000000000e+00
1.000000000000000021e-03 0.000000000000000000e+00