9.999999999999999791e-17 9.992561506782137171e-01
1.438449888287660115e-16 9.984609052621462588e-01
2.069138081114790210e-16 9.968186600682578113e-01
2.976351441631313149e-16 9.934330085897399298e-01
4.281332398719395998e-16 9.864780849779192229e-01
6.158482110660254737e-16 9.722986343029417222e-01
8.858667904100832498e-16 9.438336102247903980e-01
1.274274985703132222e-15 8.884137598140848802e-01
1.832980710832437510e-15 7.865609202548147216e-01
2.636650898730355386e-15 6.168254959462917686e-01
3.792690190732253499e-15 3.724731232683543003e-01
5.455594781168514312e-15 1.109947074609216738e-01
7.847599703514622260e-15 4.958111255850924937e-03
1.128837891684688355e-14 5.482887843992972172e-06
1.623776739188717464e-14 8.778130074771314613e-08
2.335721469090121274e-14 0.000000000000000000e+00
3.359818286283787886e-14 0.000000000000000000e+00
4.832930238571752204e-14 0.000000000000000000e+00
6.951927961775591509e-14 7.976826329042229693e-08
1.000000000000000030e-13 5.279448693190735226e-10
