9.999999999999999791e-17 7.713700874056412804e-01
1.438449888287660115e-16 7.711713297254187971e-01
2.069138081114790210e-16 7.707596894482862115e-01
2.976351441631313149e-16 7.699094114976947623e-01
4.281332398719395998e-16 7.681540846805183786e-01
6.158482110660254737e-16 7.645397454194156062e-01
8.858667904100832498e-16 7.571349478069387962e-01
1.274274985703132222e-15 7.421262003451108979e-01
1.832980710832437510e-15 7.123496613574460401e-01
2.636650898730355386e-15 6.557519607807129614e-01
3.792690190732253499e-15 5.565336402043257191e-01
5.455594781168514312e-15 4.047075813074098027e-01
7.847599703514622260e-15 2.137354424525811369e-01
1.128837891684688355e-14 4.950543031233696489e-02
1.623776739188717464e-14 1.594614093902168434e-03
2.335721469090121274e-14 1.109287586260354192e-06
3.359818286283787886e-14 1.226600788013889684e-07
4.832930238571752204e-14 0.000000000000000000e+00
6.951927961775591509e-14 0.000000000000000000e+00
1.000000000000000030e-13 1.855998929374672665e-08
